%YAML:1.0
calibration_Time: "Wed Sep 10 08:12:53 2014"
nrOfFrames: 10
image_Width: 640
image_Height: 480
board_Width: 9
board_Height: 6
square_Size: 262.
FixAspectRatio: 1.
flagValue: 14
Camera_Matrix: !!opencv-matrix
   rows: 3
   cols: 3
   dt: d
   data: [ 5.2921508098293293e+02, 0., 3.2894272028759258e+02, 0.,
       5.2556393630057437e+02, 2.6748068171871557e+02, 0., 0., 1. ]
Distortion_Coefficients: !!opencv-matrix
   rows: 5
   cols: 1
   dt: d
   data: [ 2.6451622333009589e-01, -8.3990749424620825e-01, -1.9922302173693159e-03, 1.4371995932897616e-03,
       9.1192465078713847e-01 ]
Avg_Reprojection_Error: 1.0649206530465096e+00
Per_View_Reprojection_Errors: !!opencv-matrix
   rows: 10
   cols: 1
   dt: f
   data: [ 8.12891901e-01, 9.83265817e-01, 1.90648985e+00,
       6.41626060e-01, 9.25184727e-01, 5.96431017e-01, 9.47120607e-01,
       8.91593456e-01, 1.15919268e+00, 1.19128776e+00 ]
depth_intrinsics: !!opencv-matrix
   rows: 3
   cols: 3
   dt: d
   data: [ 5.9425464969100040e+02, 0., 3.3978729959351779e+02, 0.,
       5.9248479436384002e+02, 2.4250301427866111e+02, 0., 0., 1. ]
depth_distortion: !!opencv-matrix
   rows: 5
   cols: 1
   dt: d
   data: [ -2.6167161458989197e-01, 9.9319844495479259e-01,
       -1.0221823575713733e-03, 5.3621541487535148e-03,
       -1.2966457585622253e+00 ]
Extrinsic_Parameters: !!opencv-matrix
   rows: 10
   cols: 6
   dt: d
   data: [ -3.0375438821046406e-02, -2.7903423288023610e-01,
       -3.1219304934487173e+00, 1.2530907387703407e+03,
       8.0171613173054607e+02, 3.1475616504288632e+03,
       -7.9392942593620508e-01, 1.3125097479889899e-01,
       3.0058419122644886e+00, 1.6004146004440627e+03,
       7.6921441668266255e+02, 3.7302657083717950e+03,
       -1.0278630179443261e-01, -1.0057285602185948e+00,
       2.9406078085866474e+00, 1.2039949561017806e+03,
       4.9113654210628874e+02, 3.8183083363838591e+03,
       -2.3266037544585179e-02, -1.9952705228491727e-01,
       -3.1244952730356679e+00, 8.5095904691937983e+02,
       7.0608739989737194e+02, 3.0766900591763997e+03,
       -3.8275320429410464e-01, -2.5531766076709006e-01,
       -3.0628582295454705e+00, 4.8767408610032493e+02,
       6.7686369638138876e+02, 2.6797537066545174e+03,
       1.7621401568951453e-01, 2.2139711428248976e-05,
       -3.1010921753996281e+00, 1.0335848347748381e+03,
       7.1011507844137134e+02, 3.1474776955173179e+03,
       -2.9215076675950274e-01, -1.3935577597209189e-01,
       2.7781905345746174e+00, 1.2737690748279761e+03,
       2.1560224940501567e+02, 3.4895234747154773e+03,
       3.3179750375110073e-01, -2.2761785540160331e-01,
       -2.7353630071858519e+00, 1.0525574533559786e+03,
       1.0190369043070598e+03, 3.3661544662456245e+03,
       9.5716251903058769e-01, -2.0191838123912365e-01,
       -2.6876853863436927e+00, 1.0654512859490810e+03,
       1.0176117062957443e+03, 3.9795542088728062e+03,
       -5.7658700084657166e-01, -1.8807032762961681e-01,
       -2.9338196192577768e+00, 6.2699533645830309e+02,
       7.3266055102813209e+02, 2.5442012432438723e+03 ]
Image_points: !!opencv-matrix
   rows: 10
   cols: 54
   dt: "2f"
   data: [ 5.34327576e+02, 3.76105255e+02, 4.89098145e+02,
       3.75262329e+02, 4.43795013e+02, 3.74432098e+02, 3.98487274e+02,
       3.73491974e+02, 3.54092743e+02, 3.72779907e+02, 3.10046448e+02,
       3.72142944e+02, 2.65915710e+02, 3.71898743e+02, 2.21942413e+02,
       3.71863464e+02, 1.77672470e+02, 3.71832581e+02, 5.31801697e+02,
       3.31045135e+02, 4.87016571e+02, 3.30333344e+02, 4.42162598e+02,
       3.29518372e+02, 3.97571747e+02, 3.28953918e+02, 3.53749298e+02,
       3.28270996e+02, 3.10485168e+02, 3.27735840e+02, 2.67221832e+02,
       3.27511536e+02, 2.23837204e+02, 3.27419922e+02, 1.80130569e+02,
       3.27380768e+02, 5.29453796e+02, 2.87177246e+02, 4.84902740e+02,
       2.86602692e+02, 4.40604919e+02, 2.86131531e+02, 3.96528107e+02,
       2.85705322e+02, 3.53520081e+02, 2.85366852e+02, 3.10901428e+02,
       2.85073364e+02, 2.68322662e+02, 2.84787506e+02, 2.25571777e+02,
       2.84514130e+02, 1.82388107e+02, 2.84339020e+02, 5.26846375e+02,
       2.44157608e+02, 4.82920410e+02, 2.43908401e+02, 4.39317444e+02,
       2.43777283e+02, 3.95851440e+02, 2.43707199e+02, 3.53401825e+02,
       2.43486771e+02, 3.11413940e+02, 2.43323746e+02, 2.69237640e+02,
       2.42993118e+02, 2.27159058e+02, 2.42640320e+02, 1.84370438e+02,
       2.42314713e+02, 5.24348816e+02, 2.02784225e+02, 4.81058716e+02,
       2.02845230e+02, 4.37956665e+02, 2.02951736e+02, 3.95306122e+02,
       2.03055634e+02, 3.53273499e+02, 2.03128281e+02, 3.11789886e+02,
       2.02784821e+02, 2.70134094e+02, 2.02470490e+02, 2.28235092e+02,
       2.01836121e+02, 1.86347244e+02, 2.01446625e+02, 5.21789795e+02,
       1.62568222e+02, 4.79230743e+02, 1.62953598e+02, 4.36928802e+02,
       1.63021790e+02, 3.94837189e+02, 1.63238724e+02, 3.53347565e+02,
       1.63251465e+02, 3.12184540e+02, 1.63245239e+02, 2.70929321e+02,
       1.62774658e+02, 2.29773468e+02, 1.62440979e+02, 1.88269943e+02,
       1.61741776e+02, 5.49409241e+02, 3.50855469e+02, 5.24198547e+02,
       3.54940216e+02, 4.96405853e+02, 3.59415466e+02, 4.66446411e+02,
       3.63954468e+02, 4.34179047e+02, 3.68839905e+02, 3.99742401e+02,
       3.74109375e+02, 3.62229858e+02, 3.80128693e+02, 3.21710785e+02,
       3.86587097e+02, 2.77117035e+02, 3.93934692e+02, 5.47487549e+02,
       3.13204651e+02, 5.22057922e+02, 3.15946686e+02, 4.94153107e+02,
       3.18841827e+02, 4.63864532e+02, 3.21948700e+02, 4.31547882e+02,
       3.25305206e+02, 3.96706360e+02, 3.28738922e+02, 3.59480225e+02,
       3.32613556e+02, 3.18808105e+02, 3.37032196e+02, 2.74527771e+02,
       3.42032288e+02, 5.45185059e+02, 2.75510437e+02, 5.19447510e+02,
       2.77034912e+02, 4.91561462e+02, 2.78615112e+02, 4.61059082e+02,
       2.80300751e+02, 4.28544128e+02, 2.82168640e+02, 3.93737640e+02,
       2.83999359e+02, 3.56249298e+02, 2.86196533e+02, 3.16214905e+02,
       2.88438599e+02, 2.72183960e+02, 2.91045013e+02, 5.42429260e+02,
       2.37874069e+02, 5.16360229e+02, 2.38176880e+02, 4.88337799e+02,
       2.38433487e+02, 4.57984772e+02, 2.38702759e+02, 4.25614105e+02,
       2.39081741e+02, 3.90817627e+02, 2.39373535e+02, 3.53665192e+02,
       2.39610809e+02, 3.13372589e+02, 2.40041992e+02, 2.69304047e+02,
       2.40240540e+02, 5.39530518e+02, 2.00781799e+02, 5.13206726e+02,
       1.99528244e+02, 4.85001312e+02, 1.98704834e+02, 4.54712708e+02,
       1.97456039e+02, 4.22408783e+02, 1.96420135e+02, 3.88072449e+02,
       1.95041687e+02, 3.50491211e+02, 1.93523331e+02, 3.10297577e+02,
       1.91721527e+02, 2.65942871e+02, 1.89674011e+02, 5.36243347e+02,
       1.63592117e+02, 5.09824524e+02, 1.61608658e+02, 4.81907837e+02,
       1.59142609e+02, 4.51749390e+02, 1.56503693e+02, 4.19629578e+02,
       1.53591049e+02, 3.84959259e+02, 1.50697998e+02, 3.47516296e+02,
       1.47311295e+02, 3.06611786e+02, 1.43553238e+02, 2.62306000e+02,
       1.39027588e+02, 4.86635620e+02, 3.08539398e+02, 4.50224457e+02,
       3.11194580e+02, 4.13678833e+02, 3.13220306e+02, 3.77183441e+02,
       3.15062622e+02, 3.40844574e+02, 3.16775635e+02, 3.04528107e+02,
       3.18387421e+02, 2.67820801e+02, 3.19789978e+02, 2.31072174e+02,
       3.20669189e+02, 1.93875839e+02, 3.21178558e+02, 4.94442017e+02,
       2.81788055e+02, 4.56414886e+02, 2.84376587e+02, 4.18172089e+02,
       2.86583618e+02, 3.79823669e+02, 2.88746674e+02, 3.41793549e+02,
       2.90667542e+02, 3.03845001e+02, 2.92578278e+02, 2.65392212e+02,
       2.94159576e+02, 2.26676559e+02, 2.95328369e+02, 1.87404175e+02,
       2.95649536e+02, 5.03289795e+02, 2.51715088e+02, 4.63242859e+02,
       2.54485458e+02, 4.23194092e+02, 2.57259979e+02, 3.82721985e+02,
       2.59479218e+02, 3.42732300e+02, 2.61648529e+02, 3.02903656e+02,
       2.63841492e+02, 2.62475861e+02, 2.65721069e+02, 2.21542343e+02,
       2.67387268e+02, 1.80109695e+02, 2.67607056e+02, 5.12602600e+02,
