<?xml version="1.0"?>
<opencv_storage>
<calibration_Time>"Tue Nov 18 07:08:36 2014"</calibration_Time>
<nrOfFrames>25</nrOfFrames>
<image_Width>640</image_Width>
<image_Height>480</image_Height>
<board_Width>9</board_Width>
<board_Height>6</board_Height>
<square_Size>262.</square_Size>
<FixAspectRatio>1.</FixAspectRatio>
<flagValue>14</flagValue>
<Camera_Matrix type_id="opencv-matrix">
  <rows>3</rows>
  <cols>3</cols>
  <dt>d</dt>
  <data>
    6.0492304313516433e+02 0. 3.1950000000000000e+02 0.
    6.0492304313516433e+02 2.3950000000000000e+02 0. 0. 1.</data></Camera_Matrix>
<Distortion_Coefficients type_id="opencv-matrix">
  <rows>5</rows>
  <cols>1</cols>
  <dt>d</dt>
  <data>
    8.0909912510238335e-01 -5.7664818252630585e+00 0. 0.
    2.5649970065037564e+01</data></Distortion_Coefficients>
<Avg_Reprojection_Error>5.2967318433476318e-01</Avg_Reprojection_Error>
<Per_View_Reprojection_Errors type_id="opencv-matrix">
  <rows>25</rows>
  <cols>1</cols>
  <dt>f</dt>
  <data>
    2.96879768e-01 2.88115144e-01 3.01113963e-01 3.23547035e-01
    3.53307277e-01 4.40231323e-01 5.48876882e-01 4.44251239e-01
    4.02499080e-01 4.84352171e-01 5.58796346e-01 4.52067673e-01
    6.23055816e-01 8.03462565e-01 8.39469373e-01 7.19084859e-01
    7.04580009e-01 6.08258009e-01 5.37146866e-01 5.47679424e-01
    4.08596158e-01 4.22554046e-01 4.56311584e-01 5.41282713e-01
    5.99769473e-01</data></Per_View_Reprojection_Errors>
<Extrinsic_Parameters type_id="opencv-matrix">
  <rows>25</rows>
  <cols>6</cols>
  <dt>d</dt>
  <data>
    -1.0554361136641337e-01 -6.3672149294771718e-02
    -3.1161688155334510e+00 1.0269386357742399e+03
    2.1464110013084922e+02 6.4877026470384008e+03
    -1.1122526475767854e-01 -7.0060953858711777e-02
    -3.1200192817484314e+00 1.0169186712087172e+03
    2.2528077730164458e+02 6.4803657067652084e+03
    -1.0103359700452565e-01 -6.3415023355955433e-02
    -3.1228601912610752e+00 9.8883468991598181e+02
    2.4513788515785498e+02 6.4621503131553263e+03
    -1.1413338267921798e-01 -8.2482613650247130e-02
    -3.0677553456065549e+00 8.7311758185646761e+02
    3.2070742504127344e+02 6.4137743474404242e+03
    -2.2066723866223159e-01 -1.4132913005573006e-01
    -2.8444553267411679e+00 5.3316551986366267e+02
    4.5744576331160511e+02 6.2993415386247661e+03
    -2.2548211979748056e-01 -1.5732048787506289e-01
    -2.6106861250832889e+00 2.0334085273741744e+02
    4.7214239971650511e+02 6.2552631954426088e+03
    -3.2223255898580372e-01 -2.0780477485485382e-01
    -2.3960059646943921e+00 -6.3798014759110352e+01
    3.5922581069828016e+02 6.2239089651902068e+03
    -3.8830682621319873e-01 -2.3087475568091070e-01
    -2.2642255235153455e+00 -2.0354295097485900e+02
    3.2033351981534946e+02 6.1857844906780301e+03
    -3.1859544030900144e-01 -1.7923200205088169e-01
    -2.3699483877054841e+00 -1.8679560627556569e+01
    3.9626931900788350e+02 6.2327231160990495e+03
    -2.4419985867803154e-01 -7.1644167885890078e-02
    -2.5853258707418898e+00 3.1896879611372805e+02
    4.3618683684029946e+02 6.3836572354743994e+03
    -2.6520858957238924e-01 -2.5749795517327795e-01
    2.7862134386846171e+00 1.3715087535792843e+03
    -5.4292005904497580e+02 7.1171048560118679e+03
    -3.3765050458742280e-01 -2.7170820466926643e-01
    2.5969815299008649e+00 1.3707831098721645e+03
    -8.5097282223187858e+02 7.1426407087004636e+03
    -3.2170379380502989e-01 -2.9822848008546915e-01
    2.2646842816234583e+00 1.4974509629873746e+03
    -1.3363339250071233e+03 7.1579288176330738e+03
    -3.4484086715788931e-01 -3.1745001319749278e-01
    1.9712682451952857e+00 1.4808403424717794e+03
    -1.7127342860255073e+03 7.1196778120662730e+03
    -4.0024606619621467e-01 -3.6332607986224419e-01
    1.7348781321924303e+00 1.2721154901258137e+03
    -2.0001107169657419e+03 7.0895912184418476e+03
    -3.9982007280910742e-01 -3.5140397964353387e-01
    1.7533892383485179e+00 1.2114001638871741e+03
    -1.9777141583930261e+03 7.0229228393805934e+03
    -3.9386277717334517e-01 -3.5994982531563985e-01
    1.7862823757988791e+00 1.2105990655764315e+03
    -1.9204114258158850e+03 7.0024291284389592e+03
    -3.8224515476477999e-01 -3.3048253714462733e-01
    1.8812216969446176e+00 1.2708213981723911e+03
    -1.7300107896206932e+03 6.9370162774006749e+03
    -3.6718950857979821e-01 -2.7110531635940177e-01
    2.0347390026921013e+00 1.3426420296229956e+03
    -1.4387391745066636e+03 6.8456888672821533e+03
    -1.5386263222434032e-01 -8.9338413068486538e-03
    2.5876086246923009e+00 1.3491742356499726e+03
    -4.4258445601085123e+02 6.3420839688146989e+03
    6.3214653675838159e-02 2.0196524264617199e-01 2.9760438393213140e+00
    9.9462337903582932e+02 1.0972944383178346e+02 5.9465377013312991e+03
    7.2555369918614485e-02 2.2510229080532088e-01 3.0481576526517609e+00
    8.9438410880527942e+02 1.7264367026435974e+02 5.9192770202769825e+03
    1.0116942840227246e-01 2.5317321455942010e-01 3.1092519771792855e+00
    8.1473349962545558e+02 2.2317687195294215e+02 5.8973996649241435e+03
    -2.1941246093923353e-01 -3.2764206808015295e-01
    -2.9798345876885479e+00 5.6846643228409312e+02
    2.7669636174806470e+02 5.8046652993077823e+03
    -3.4399410200318747e-01 -3.7114844421125565e-01
    -2.7451542230910455e+00 2.7659940686211939e+02
    4.0330959284508270e+02 5.7144025910549381e+03</data></Extrinsic_Parameters>
