<?xml version="1.0"?>
<opencv_storage>
<modelView_matrix type_id="opencv-matrix">
    <rows>4</rows>
    <cols>4</cols>
  <dt>d</dt>
  <data>
-0.579814 0 0.814749 -0
0.729925 0.444277 0.519449 -0
-0.361974 0.89589 -0.257598 -5
	0 0 0 1
</data></modelView_matrix>
</opencv_storage>