<?xml version="1.0"?>
<opencv_storage>
<modelView_matrix type_id="opencv-matrix">
    <rows>4</rows>
    <cols>4</cols>
  <dt>d</dt>
  <data>
-0.41929 0 -0.907853 -0
-0.578183 0.770972 0.267032 -3.27826e-07
0.699929 0.636868 -0.323261 -5
	0 0 0 1
</data></modelView_matrix>
</opencv_storage>