<?xml version="1.0"?>
<opencv_storage>
<modelView_matrix type_id="opencv-matrix">
  <rows>4</rows>
  <cols>4</cols>
  <dt>d</dt>
  <data>
      0.913089 -0 0.40776 1.19209e-07
      0.272054 0.744888 -0.609204 -0
      -0.303736 0.66719 0.680149 -5
      0 0 0 1
</data></modelView_matrix>
</opencv_storage>