Pose: 0
Viewmatrix: 
0.913089,-0,0.40776,1.19209e-07
0.272054,0.744888,-0.609204,-0
-0.303736,0.66719,0.680149,-5
0,0,0,1
Pose: 1
Viewmatrix: 
0.100626,-0,0.994924,-0
0.848007,0.523,-0.0857667,-9.12696e-08
-0.520345,0.852333,0.0526273,-5
0,0,0,1
Pose: 2
Viewmatrix: 
-0.579814,0,0.814749,-0
0.729925,0.444277,0.519449,-0
-0.361974,0.89589,-0.257598,-5
0,0,0,1
Pose: 3
Viewmatrix: 
-0.966868,0,-0.255277,5.96046e-08
-0.222745,0.488497,0.843656,-3.57628e-07
0.124702,0.872565,-0.472312,-5
0,0,0,1
Pose: 4
Viewmatrix: 
-0.499189,0,-0.866493,-0
-0.816784,0.333833,0.470552,-0
0.289264,0.942632,-0.166646,-5
0,0,0,1
Pose: 5
Viewmatrix: 
-0.41929,0,-0.907853,-0
-0.578183,0.770972,0.267032,-3.27826e-07
0.699929,0.636868,-0.323261,-5
0,0,0,1
Pose: 6
Viewmatrix: 
0.578866,0,-0.815423,-0
-0.658708,0.589441,-0.467614,1.19209e-07
0.480644,0.807811,0.341207,-5
0,0,0,1
Pose: 7
Viewmatrix: 
0.528928,0,-0.848667,-0
-0.500282,0.807774,-0.311799,-2.98023e-07
0.685531,0.589492,0.427255,-5
0,0,0,1
Pose: 8
Viewmatrix: 
-0.132274,0,-0.991213,-2.98023e-08
-0.646429,0.758082,0.0862637,1.08033e-07
0.751421,0.65216,-0.100274,-5
0,0,0,1
Pose: 9
Viewmatrix: 
-0.516418,0,-0.856337,-0
-0.696772,0.581334,0.420191,-0
0.497817,0.813665,-0.300211,-5
0,0,0,1
