Pose: 0
Viewmatrix: 
-0.714306,0,0.699834,2.38419e-07
-0.194811,0.960475,-0.19884,-0
-0.672173,-0.278368,-0.686072,-5
0,0,0,1
Pose: 1
Viewmatrix: 
-0.083347,0,0.996521,-2.98023e-08
-0.720144,0.691205,-0.0602315,-1.49012e-07
-0.6888,-0.722659,-0.0576099,-5
0,0,0,1
Pose: 2
Viewmatrix: 
-0.217473,0,0.976066,-0
-0.110424,0.99358,-0.0246032,-2.23517e-08
-0.9698,-0.113132,-0.216077,-7.9
0,0,0,1
Pose: 3
Viewmatrix: 
0.218795,-0,0.975771,-0
0.659374,0.737134,-0.14785,-4.61936e-07
-0.719274,0.675747,0.161281,-8.1
0,0,0,1
Pose: 4
Viewmatrix: 
0.354936,-0,0.934891,-0
0.593051,0.773043,-0.225155,-2.38419e-07
-0.722711,0.634354,0.27438,-8.1
0,0,0,1
Pose: 5
Viewmatrix: 
-0.217855,0,0.975981,-0
0.664837,0.732098,0.148402,3.27826e-07
-0.714514,0.681199,-0.159491,-8.1
0,0,0,1
